0 0.513802 0.510938 0.808854 0.306250
0 0.045833 0.090625 0.081250 0.076563
0 0.120313 0.063672 0.052083 0.057031
0 0.169531 0.083594 0.046354 0.071875
0 0.234375 0.054688 0.094792 0.067187
0 0.361979 0.112891 0.089583 0.053906
0 0.344271 0.046875 0.141667 0.084375
0 0.496094 0.269922 0.205729 0.050781
0 0.450260 0.086719 0.131771 0.087500
0 0.725000 0.216797 0.107292 0.082031
0 0.542708 0.187109 0.113542 0.089844
0 0.629687 0.257812 0.104167 0.079687
0 0.090365 0.262891 0.117188 0.053906
0 0.050521 0.306250 0.100000 0.034375
0 0.170052 0.309375 0.103646 0.032813
0 0.182031 0.260547 0.088021 0.061719
0 0.242448 0.306250 0.067187 0.054688
0 0.289844 0.303516 0.068229 0.046094
0 0.290885 0.246484 0.058854 0.066406
0 0.385417 0.232422 0.103125 0.107031
0 0.632031 0.263281 0.092188 0.065625
