0 0.570052 0.082812 0.091146 0.067187
0 0.673177 0.223047 0.081771 0.099219
0 0.122656 0.539453 0.244271 0.325781
0 0.518750 0.540625 0.553125 0.404687
0 0.974479 0.534375 0.051042 0.315625
0 0.930208 0.404687 0.032292 0.218750
0 0.934375 0.656250 0.025000 0.115625
0 0.975781 0.252344 0.048438 0.109375
0 0.974219 0.337891 0.051562 0.060156
0 0.135156 0.310937 0.114062 0.081250
0 0.293229 0.371094 0.054167 0.062500
0 0.339062 0.346875 0.052083 0.067187
0 0.454167 0.317188 0.088542 0.060937
0 0.589844 0.341406 0.048438 0.034375
0 0.640365 0.356641 0.045312 0.027344
0 0.714583 0.351953 0.072917 0.061719
0 0.786198 0.369922 0.082812 0.061719
0 0.680208 0.670703 0.100000 0.117969
0 0.468490 0.674609 0.081771 0.116406
0 0.539323 0.644922 0.065104 0.049219
0 0.540365 0.697266 0.042188 0.058594
0 0.593750 0.705859 0.061458 0.058594
0 0.598698 0.669531 0.067187 0.046875
0 0.676562 0.703906 0.095833 0.056250
0 0.788281 0.682031 0.066146 0.059375
0 0.875521 0.686719 0.095833 0.043750
0 0.840885 0.564063 0.070312 0.175000
0 0.878646 0.392188 0.085417 0.104688
0 0.908594 0.545312 0.035937 0.200000
0 0.894010 0.629297 0.044271 0.099219
0 0.030990 0.324219 0.060937 0.075000
0 0.036979 0.204687 0.072917 0.076563
0 0.191667 0.343359 0.076042 0.053906
0 0.119271 0.731641 0.043750 0.060156
0 0.248958 0.719141 0.062500 0.053906
0 0.309375 0.682813 0.070833 0.070312
0 0.443229 0.547266 0.060417 0.066406
0 0.326042 0.592187 0.070833 0.081250
0 0.651042 0.436719 0.041667 0.053125
0 0.123698 0.601953 0.050521 0.050781
0 0.049479 0.616406 0.054167 0.062500
0 0.164323 0.451953 0.094271 0.099219
