0 0.459115 0.388281 0.479687 0.659375
0 0.618229 0.065234 0.106250 0.121094
0 0.748698 0.600000 0.074479 0.148438
0 0.912760 0.566406 0.059896 0.065625
0 0.912760 0.682813 0.073438 0.160938
0 0.446615 0.792578 0.291146 0.082031
0 0.633333 0.783984 0.078125 0.066406
0 0.688802 0.785547 0.046354 0.074219
0 0.719531 0.723047 0.036979 0.050781
0 0.193490 0.901953 0.115104 0.067969
0 0.733333 0.863672 0.106250 0.067969
0 0.666146 0.867969 0.064583 0.059375
0 0.548698 0.876172 0.158854 0.069531
0 0.406250 0.881250 0.113542 0.064062
0 0.330208 0.876172 0.059375 0.036719
0 0.333854 0.906641 0.075000 0.035156
0 0.531771 0.867188 0.058333 0.039062
0 0.106250 0.894531 0.044792 0.046875
0 0.043229 0.918359 0.085417 0.091406
0 0.676042 0.671484 0.036458 0.053906
0 0.244792 0.672266 0.053125 0.022656
0 0.641406 0.141797 0.068229 0.049219
0 0.266667 0.126172 0.053125 0.050781
