0 0.327344 0.532813 0.431250 0.707292
0 0.115625 0.201042 0.229687 0.100000
0 0.342969 0.136979 0.228125 0.096875
0 0.635156 0.057552 0.050000 0.114062
0 0.072656 0.582292 0.040625 0.314583
0 0.700000 0.716146 0.098437 0.230208
0 0.764844 0.673438 0.046875 0.082292
0 0.873437 0.467708 0.085938 0.043750
0 0.892969 0.529167 0.043750 0.075000
0 0.740625 0.297396 0.107813 0.153125
0 0.789062 0.425000 0.054688 0.056250
0 0.788281 0.526563 0.071875 0.119792
0 0.746875 0.539062 0.042188 0.078125
0 0.893750 0.385417 0.079687 0.112500
0 0.643750 0.322917 0.032813 0.093750
0 0.671094 0.388542 0.087500 0.027083
0 0.585156 0.664583 0.050000 0.202083
