0 0.618750 0.064844 0.101042 0.121875
0 0.747135 0.599609 0.071354 0.147656
0 0.911719 0.567187 0.066146 0.057813
0 0.911979 0.684766 0.093750 0.171094
0 0.448177 0.792188 0.290104 0.075000
0 0.688542 0.781250 0.038542 0.060937
0 0.635417 0.785156 0.088542 0.065625
0 0.457292 0.419141 0.354167 0.572656
0 0.265625 0.119922 0.044792 0.057031
0 0.675781 0.673828 0.032813 0.049219
0 0.242448 0.671094 0.050521 0.025000
0 0.190885 0.900781 0.116146 0.062500
0 0.329167 0.875781 0.065625 0.037500
0 0.334115 0.907031 0.071354 0.031250
0 0.530729 0.867969 0.060417 0.040625
0 0.665625 0.868359 0.061458 0.066406
0 0.734896 0.862891 0.112500 0.064844
0 0.045833 0.916016 0.089583 0.071094
0 0.107031 0.894141 0.042188 0.046094
0 0.489844 0.880859 0.276562 0.078906
