0 0.666406 0.080859 0.155729 0.160156
0 0.409896 0.824609 0.650000 0.350781
0 0.874740 0.915234 0.250521 0.169531
0 0.827604 0.710938 0.041667 0.050000
0 0.796354 0.520312 0.058333 0.137500
0 0.732292 0.625000 0.065625 0.078125
0 0.632552 0.741016 0.113021 0.160156
0 0.272135 0.605859 0.142187 0.091406
0 0.263802 0.339453 0.116146 0.107031
0 0.261458 0.377344 0.044792 0.037500
0 0.210156 0.480469 0.014063 0.025000
0 0.213281 0.524219 0.024479 0.059375
0 0.232813 0.541406 0.022917 0.037500
0 0.298177 0.548438 0.023438 0.025000
0 0.056510 0.385937 0.022396 0.100000
0 0.480729 0.534766 0.054167 0.083594
0 0.566667 0.380859 0.582292 0.410156
0 0.885677 0.402734 0.228646 0.803906
