0 0.187500 0.534766 0.081250 0.258594
0 0.183333 0.702734 0.036458 0.072656
0 0.274740 0.601172 0.123438 0.224219
0 0.281771 0.434766 0.093750 0.160156
0 0.029167 0.481250 0.044792 0.101562
0 0.045573 0.580469 0.090104 0.046875
0 0.628646 0.621875 0.587500 0.307812
0 0.383333 0.358984 0.131250 0.208594
0 0.372135 0.207031 0.074479 0.087500
0 0.603125 0.350781 0.325000 0.212500
0 0.790104 0.321875 0.112500 0.285938
0 0.851302 0.375000 0.067187 0.085938
0 0.925260 0.460547 0.149479 0.200781
0 0.810156 0.161719 0.081771 0.056250
0 0.586198 0.183594 0.350521 0.162500
