0 0.639062 0.063281 0.070312 0.125521
0 0.706250 0.722396 0.123438 0.242708
0 0.343750 0.536979 0.482812 0.694792
0 0.583594 0.663021 0.053125 0.207292
0 0.067969 0.598437 0.065625 0.263542
0 0.051562 0.211458 0.101562 0.075000
0 0.162500 0.180208 0.117188 0.050000
0 0.328906 0.135417 0.221875 0.100000
0 0.875781 0.469271 0.081250 0.048958
0 0.892188 0.526042 0.060937 0.072917
0 0.742188 0.300000 0.104688 0.152083
0 0.786719 0.422396 0.056250 0.069792
0 0.789844 0.528125 0.068750 0.118750
0 0.764844 0.671875 0.046875 0.079167
0 0.643750 0.313542 0.045312 0.106250
0 0.672656 0.393229 0.087500 0.030208
0 0.685937 0.347917 0.039062 0.029167
0 0.670312 0.421354 0.070312 0.028125
0 0.745313 0.530208 0.048438 0.102083
0 0.807813 0.352083 0.039062 0.070833
0 0.742969 0.420312 0.025000 0.034375
0 0.892188 0.385937 0.095312 0.123958
