0 0.539583 0.505469 0.909375 0.196875
0 0.082292 0.512500 0.091667 0.123438
0 0.154167 0.364063 0.086458 0.220312
0 0.358594 0.319531 0.044271 0.121875
0 0.546615 0.316797 0.050521 0.119531
0 0.762500 0.330469 0.059375 0.137500
0 0.907552 0.312891 0.033854 0.103906
0 0.291406 0.687500 0.064062 0.078125
0 0.424219 0.669531 0.133854 0.068750
0 0.833333 0.626563 0.144792 0.054688
0 0.626042 0.649219 0.070833 0.056250
0 0.534375 0.664844 0.079167 0.046875
1 0.270573 0.334375 0.134896 0.167187
1 0.452083 0.332813 0.121875 0.157812
1 0.620313 0.334375 0.043750 0.148438
1 0.701562 0.330859 0.041667 0.147656
1 0.380729 0.078516 0.637500 0.152344
