0 0.548958 0.669141 0.541667 0.247656
0 0.297656 0.441797 0.035937 0.299219
0 0.549740 0.492188 0.089063 0.087500
0 0.947396 0.489453 0.105208 0.136719
0 0.511979 0.825781 0.172917 0.071875
0 0.037500 0.723437 0.073958 0.239063
0 0.104167 0.632812 0.114583 0.064062
0 0.090104 0.780859 0.068750 0.064844
0 0.196354 0.597266 0.050000 0.072656
0 0.145573 0.566406 0.043229 0.078125
0 0.823177 0.593750 0.106771 0.121875
0 0.732552 0.962109 0.142187 0.075781
0 0.127865 0.714063 0.049479 0.075000
1 0.416146 0.460938 0.147917 0.164062
1 0.661719 0.462891 0.033854 0.064844
1 0.820833 0.435156 0.036458 0.062500
1 0.730990 0.210938 0.055729 0.054688
1 0.057292 0.493359 0.103125 0.160156
