0 0.500260 0.589063 0.999479 0.343750
0 0.077083 0.458203 0.043750 0.049219
0 0.244792 0.439453 0.038542 0.057031
0 0.519010 0.399219 0.055729 0.053125
0 0.772917 0.385937 0.067708 0.057813
0 0.961198 0.319531 0.077604 0.143750
0 0.138281 0.839063 0.096354 0.106250
0 0.043490 0.870313 0.085938 0.060937
0 0.274219 0.862500 0.061979 0.064062
0 0.567708 0.846875 0.103125 0.053125
1 0.157552 0.436719 0.091146 0.140625
1 0.328385 0.404297 0.036979 0.157031
1 0.432031 0.384375 0.045312 0.167187
1 0.650000 0.355078 0.153125 0.167969
1 0.783594 0.296094 0.030729 0.034375
1 0.402083 0.225391 0.026042 0.058594
