0 0.327160 0.602286 0.322145 0.408275
0 0.652199 0.599971 0.347994 0.307581
0 0.659047 0.311343 0.200039 0.289352
0 0.254919 0.351997 0.140625 0.098669
0 0.384645 0.373409 0.095679 0.089988
0 0.259645 0.205150 0.148534 0.141204
0 0.405285 0.306279 0.182870 0.271123
0 0.520351 0.366319 0.059992 0.050347
0 0.533565 0.421007 0.059414 0.065394
0 0.196084 0.842303 0.059992 0.120949
1 0.657890 0.840567 0.085069 0.145833
1 0.027392 0.226128 0.054398 0.133970
1 0.053530 0.507812 0.054977 0.071759
1 0.020930 0.687934 0.041474 0.164062
1 0.962384 0.377025 0.075231 0.159722
