0 0.028125 0.491016 0.055208 0.097656
0 0.044792 0.583984 0.088542 0.052344
0 0.057552 0.645312 0.011979 0.042188
0 0.186719 0.540625 0.079687 0.284375
0 0.180469 0.702734 0.041146 0.078906
0 0.274219 0.615625 0.117188 0.232813
0 0.259115 0.382812 0.029687 0.048438
0 0.282292 0.421094 0.071875 0.068750
0 0.279948 0.489453 0.096354 0.063281
0 0.627604 0.625000 0.587500 0.320312
0 0.594010 0.287500 0.547396 0.370312
0 0.851302 0.381250 0.061979 0.096875
0 0.924479 0.546875 0.151042 0.351562
0 0.595833 0.414062 0.057292 0.073438
0 0.533854 0.409375 0.062500 0.054688
0 0.375521 0.212109 0.060417 0.083594
0 0.813281 0.161328 0.086979 0.067969
