0 0.449219 0.395703 0.895312 0.588281
0 0.943490 0.307812 0.113021 0.204687
0 0.951823 0.555469 0.096354 0.150000
0 0.859375 0.643359 0.048958 0.078906
0 0.742188 0.687109 0.081250 0.060156
0 0.566927 0.696484 0.076563 0.102344
0 0.480208 0.702734 0.096875 0.052344
0 0.281771 0.717578 0.089583 0.055469
0 0.175781 0.688281 0.079687 0.071875
0 0.060417 0.232031 0.072917 0.071875
0 0.188542 0.176563 0.092708 0.048438
0 0.302083 0.175000 0.059375 0.053125
0 0.441667 0.173047 0.098958 0.063281
0 0.676562 0.186328 0.079167 0.057031
0 0.806771 0.164062 0.085417 0.051562
0 0.853906 0.251172 0.076563 0.088281
0 0.372135 0.523438 0.303646 0.104688
0 0.975521 0.167578 0.048958 0.069531
0 0.920833 0.177344 0.071875 0.043750
