0 0.441406 0.522656 0.847396 0.328125
0 0.828906 0.439844 0.080729 0.140625
0 0.936198 0.521875 0.127604 0.332813
0 0.642708 0.293750 0.140625 0.109375
0 0.042708 0.159766 0.084375 0.128906
0 0.073958 0.269531 0.065625 0.050000
0 0.217969 0.319531 0.058854 0.040625
0 0.260156 0.289844 0.055729 0.040625
0 0.420833 0.333984 0.115625 0.058594
0 0.334635 0.287891 0.083854 0.060156
0 0.060156 0.644141 0.068229 0.097656
0 0.596094 0.555078 0.281771 0.069531
0 0.828125 0.648438 0.045833 0.068750
0 0.045312 0.330078 0.089583 0.067969
0 0.049740 0.077734 0.098437 0.153906
