0 0.120573 0.417969 0.085938 0.121875
0 0.270573 0.444531 0.143229 0.143750
0 0.434896 0.478125 0.120833 0.146875
0 0.559896 0.505859 0.110417 0.146094
0 0.689583 0.582422 0.043750 0.080469
0 0.919271 0.728516 0.095833 0.097656
0 0.310937 0.746875 0.075000 0.054688
0 0.317448 0.614844 0.042188 0.043750
0 0.446354 0.648047 0.210417 0.132031
0 0.827344 0.553906 0.234896 0.196875
0 0.953646 0.546875 0.092708 0.090625
0 0.641927 0.518750 0.044271 0.101562
0 0.685417 0.506250 0.056250 0.067187
0 0.988281 0.731641 0.023438 0.066406
1 0.709375 0.389844 0.071875 0.062500
1 0.981771 0.319141 0.036458 0.177344
