0 0.169792 0.836328 0.325000 0.244531
0 0.333073 0.795312 0.068229 0.167187
0 0.207813 0.106250 0.097917 0.090625
0 0.466667 0.809766 0.173958 0.296094
0 0.623958 0.836328 0.078125 0.211719
0 0.691927 0.835547 0.064062 0.111719
0 0.675000 0.905859 0.042708 0.053906
0 0.727604 0.917188 0.077083 0.076563
0 0.861719 0.748047 0.082812 0.219531
0 0.632292 0.616797 0.112500 0.263281
0 0.615885 0.385937 0.095312 0.276562
0 0.619531 0.222656 0.046354 0.093750
0 0.486458 0.213281 0.204167 0.303125
0 0.520833 0.410547 0.176042 0.224219
0 0.255729 0.263281 0.366667 0.296875
0 0.697396 0.398047 0.110417 0.250781
0 0.753125 0.406250 0.029167 0.051562
0 0.803125 0.574609 0.133333 0.183594
0 0.182552 0.468359 0.320312 0.471094
0 0.390625 0.440234 0.036458 0.046094
0 0.854948 0.881641 0.138021 0.141406
0 0.568490 0.650000 0.580729 0.348438
