0 0.287760 0.317969 0.127604 0.081250
0 0.101302 0.352734 0.095312 0.135156
0 0.095573 0.518359 0.068229 0.133594
0 0.108333 0.687500 0.077083 0.221875
0 0.132292 0.511328 0.070833 0.132031
0 0.534375 0.546875 0.755208 0.640625
0 0.960156 0.218359 0.079687 0.064844
0 0.960938 0.336328 0.078125 0.074219
0 0.924740 0.720703 0.150521 0.338281
0 0.947135 0.454297 0.105729 0.232031
0 0.728125 0.737500 0.059375 0.054688
0 0.820052 0.351562 0.075521 0.079687
0 0.193750 0.694141 0.059375 0.102344
0 0.226042 0.604297 0.036458 0.025781
0 0.034115 0.589453 0.067187 0.419531
0 0.716406 0.379688 0.110937 0.107813
