0 0.622396 0.222656 0.047917 0.090625
0 0.166667 0.816797 0.332292 0.307031
0 0.332813 0.794922 0.068750 0.167969
0 0.465104 0.807422 0.166667 0.294531
0 0.634375 0.616797 0.103125 0.267969
0 0.857292 0.740234 0.080208 0.203906
0 0.171354 0.474219 0.331250 0.487500
0 0.569531 0.647656 0.570312 0.343750
0 0.344010 0.305859 0.540104 0.427344
0 0.478125 0.207422 0.207292 0.292969
0 0.689583 0.377344 0.105208 0.228125
0 0.658333 0.846875 0.213542 0.210938
0 0.856510 0.880859 0.131771 0.153906
0 0.718229 0.872266 0.120833 0.153906
