0 0.058854 0.385937 0.025000 0.095312
0 0.054167 0.487500 0.027083 0.101562
0 0.415104 0.814844 0.643750 0.368750
0 0.631250 0.737500 0.115625 0.159375
0 0.890365 0.412891 0.219271 0.822656
0 0.796615 0.515625 0.074479 0.157812
0 0.828125 0.714063 0.053125 0.064062
0 0.871094 0.914453 0.257812 0.171094
0 0.483073 0.531641 0.060937 0.091406
0 0.273438 0.603125 0.150000 0.085938
0 0.732812 0.624219 0.064583 0.084375
0 0.530208 0.381250 0.657292 0.440625
0 0.261198 0.342187 0.117188 0.117188
0 0.262500 0.374609 0.046875 0.041406
0 0.669792 0.085547 0.161458 0.169531
0 0.808333 0.142969 0.072917 0.084375
0 0.354167 0.067187 0.296875 0.132812
0 0.102083 0.576953 0.059375 0.038281
0 0.179167 0.593750 0.032292 0.073438
